17 17 259 0
7 11 55 0
9 4 4 0
20 10 301 0
15 14 247 0
1 4 108 0
12 19 127 0
5 6 64 0
14 19 288 0
8 1 150 0
1 11 222 0
6 18 57 0
2 7 4 0
11 17 159 0
6 7 17 0
17 13 12 0
12 6 150 0
9 10 307 0
12 19 61 0
12 3 92 0
3 2 297 0
13 8 266 0
6 2 167 0
13 13 104 0
8 18 185 0
4 14 117 0
11 2 277 0
15 13 215 0
15 19 197 0
13 5 74 0
13 1 19 0
12 7 142 0
4 18 246 0
19 4 78 0
13 2 336 0
14 6 139 0
4 1 80 0
17 8 92 0
10 17 260 0
5 9 8 0
19 9 19 0
9 6 67 0
16 5 318 0
2 10 170 0
11 13 3 0
6 15 256 0
1 13 193 0
10 19 294 0
6 20 129 0
16 13 132 0
19 19 121 0
11 3 337 0
14 3 242 0
4 14 27 0
12 7 137 0
15 15 319 0
11 7 27 0
18 13 148 0
16 1 50 0
8 19 11 0
